positive/1661133319.4603384.jpg 1 128 381 93 208
positive/1661133353.174505.jpg 1 913 383 125 209
positive/1661133365.967207.jpg 1 124 386 136 210
positive/1661133373.8890495.jpg 1 119 381 118 217
positive/1661133384.062067.jpg 1 123 201 131 118
positive/1661133395.294267.jpg 1 924 385 119 212
positive/1661133398.664094.jpg 1 115 383 149 210
positive/1661133406.2181218.jpg 1 323 374 217 234
positive/1661133406.9574795.jpg 1 112 376 128 215
positive/1661133433.9777894.jpg 1 939 382 101 205
positive/1661133466.264582.jpg 1 121 287 142 211
positive/1661133472.3757823.jpg 1 934 296 100 211
positive/1661133564.3157594.jpg 1 904 385 143 209
positive/1661133630.8479385.jpg 1 111 382 140 209
positive/1661134029.9100113.jpg 2 246 329 145 211 1035 331 140 207
positive/1661134030.5068467.jpg 2 243 326 141 221 1043 337 133 204
positive/1661134034.7579381.jpg 2 254 317 125 203 1045 322 126 204
positive/1661134048.377871.jpg 2 254 315 127 211 1046 315 127 216
positive/1661134049.000384.jpg 1 241 311 144 212
positive/1661134065.0071712.jpg 1 254 407 132 219
positive/1661134070.8936725.jpg 1 248 377 134 210
positive/1661134071.9590518.jpg 2 248 311 137 214 1039 315 133 221
positive/1661134072.6125915.jpg 2 245 520 120 161 1036 518 132 160
positive/1661134081.1014543.jpg 1 243 409 116 234
positive/1661134112.1220949.jpg 1 1040 411 128 214
positive/1661134122.3407907.jpg 1 245 374 151 210
positive/1661134124.5879102.jpg 1 244 412 128 211
positive/1661134141.3905833.jpg 2 242 416 139 198 1035 410 146 205
positive/1661134161.0907428.jpg 1 243 363 155 210
positive/1661134164.3706517.jpg 1 237 415 124 219
positive/1661134176.27375.jpg 1 243 374 108 222
positive/1661134182.7834537.jpg 1 1036 416 134 210
positive/1661134219.536464.jpg 1 241 218 107 217
positive/1661134220.4460843.jpg 1 245 433 145 215
positive/1661134225.151617.jpg 1 1055 407 124 213
positive/1661134225.6295145.jpg 1 1056 412 115 209
positive/1661134251.3848383.jpg 1 251 304 106 206
positive/1661134924.5626369.jpg 2 120 383 162 206 942 381 119 209
positive/1661134925.0034.jpg 2 128 378 141 208 940 385 112 205
positive/1661134929.1147017.jpg 1 932 361 128 235
positive/1661134937.895414.jpg 1 625 371 228 230
positive/1661135016.0591478.jpg 1 126 377 147 216
positive/1661135028.7772357.jpg 3 131 370 147 210 927 373 127 207 471 192 238 47
positive/1661135077.1027787.jpg 1 127 339 137 209
positive/1661135077.946507.jpg 1 136 418 122 214
positive/1661135084.0995574.jpg 1 934 383 121 205
positive/1661135086.486155.jpg 1 928 387 124 206
positive/1661135092.9428961.jpg 1 943 217 109 202
positive/1661135097.7427762.jpg 1 943 387 114 200
positive/1661135112.618827.jpg 1 927 241 122 215
positive/1661135135.3629541.jpg 2 925 383 119 202 133 377 101 209
positive/1661135430.2749846.jpg 3 485 195 222 177 133 522 125 155 948 509 110 171
positive/1661135442.0798466.jpg 1 129 382 141 205
positive/1661135485.1991122.jpg 1 130 385 103 195
positive/1661135490.676472.jpg 1 995 555 63 125
positive/1661135576.412065.jpg 1 321 197 256 66
positive/1661135592.5691986.jpg 1 901 318 152 199
positive/1661135596.5415423.jpg 1 138 272 131 204
positive/1661135597.970779.jpg 1 135 293 114 202
positive/1661135600.4977062.jpg 1 777 387 188 215
positive/1661135601.7268257.jpg 1 946 386 107 203
positive/1661135699.9907088.jpg 1 921 546 124 134
positive/1661135707.1477902.jpg 1 927 523 122 156
positive/1661135714.411583.jpg 1 131 383 76 205
positive/1661135721.31449.jpg 1 948 382 106 208
positive/1661135957.1331859.jpg 1 129 307 113 203
positive/1661136009.802818.jpg 1 949 196 99 184
positive/1661136033.6684718.jpg 1 920 288 132 203
positive/1661136034.391143.jpg 1 932 289 114 207
positive/1661136042.303663.jpg 1 915 294 140 202
positive/1661136043.0552778.jpg 1 920 291 132 202
positive/1661136155.9871774.jpg 1 889 376 167 217
positive/1661136177.1403363.jpg 1 1006 391 54 196
positive/1661136177.7803142.jpg 1 927 388 120 199
positive/1661136180.9640677.jpg 1 130 393 150 204
positive/1661136206.0289898.jpg 1 940 385 120 213
positive/1661136211.903441.jpg 1 131 193 139 98
positive/1661136212.4399989.jpg 1 927 638 119 42
positive/1661136213.7443166.jpg 1 928 519 122 162
positive/1661136216.3712869.jpg 1 135 302 123 206
positive/1661136225.3895228.jpg 1 615 378 179 217
positive/1661136304.8208482.jpg 1 132 389 107 199
positive/1661136313.4608061.jpg 1 129 386 131 204
positive/1661136321.5673.jpg 1 551 388 187 202
positive/1661136339.5331228.jpg 1 134 561 125 118
positive/1661136344.028196.jpg 2 130 375 129 216 930 383 114 206
positive/1661136346.206893.jpg 2 129 384 133 202 914 389 138 204
positive/1661136347.3663766.jpg 2 129 404 132 207 943 403 113 207
positive/1661136348.9830072.jpg 1 397 387 190 216
positive/1661136362.0192137.jpg 1 122 461 134 205
positive/1661136363.5262456.jpg 1 120 385 100 203
positive/1661136365.472793.jpg 1 923 383 125 203
positive/1661136369.099427.jpg 1 126 389 169 207
positive/1661136375.9086156.jpg 1 923 380 129 207
positive/1661136383.3604112.jpg 1 127 571 74 109
positive/1661136383.943374.jpg 1 126 397 115 203
positive/1661136400.880082.jpg 1 918 384 133 205
positive/1661136405.5240586.jpg 2 133 383 98 207 923 385 126 204
positive/1661136407.2806208.jpg 2 132 383 126 206 923 386 122 199
positive/1661136411.1219552.jpg 2 129 482 131 195 927 477 117 196
positive/1661136411.3493266.jpg 2 134 287 128 212 913 294 138 203
positive/1661136414.5869806.jpg 2 128 288 131 208 923 293 125 205
positive/1661176236.7085774.jpg 1 1059 290 126 271
positive/1661176238.0621638.jpg 1 263 270 252 318
positive/1661176239.5908186.jpg 1 0 290 100 269
positive/1661176240.5582826.jpg 1 1 295 128 266
positive/1661176252.7201025.jpg 1 606 293 251 281
positive/1661176258.5034635.jpg 1 11 289 235 277
positive/1661176265.207658.jpg 1 1 40 133 162
positive/1661176265.4972782.jpg 1 3 35 127 84
positive/1661176270.4800777.jpg 1 184 287 236 285
positive/1661176276.8315032.jpg 1 1066 296 120 269
positive/1661176277.0520248.jpg 1 1059 297 123 266
positive/1661176287.5922585.jpg 1 664 288 249 305
positive/1661176288.0279663.jpg 1 173 295 249 277
positive/1661176313.2431746.jpg 1 1062 295 122 270
